k=2
A=1;-1.526;0.586;-0.0302
B=0.01126;0.0709;0.0366;0.001415
