k=2
A=1;-2.526;1.586;-1.0302
B=0.11126;0.10709;0.2366;0.011415
